L
1: 2 5
2: 1 3 4 5
3: 2 4
4: 2 3 5
5: 1 2 4

A
0 1 0 0 1
1 0 1 1 1
0 1 0 1 0
0 1 1 0 1
1 1 0 1 0

I
1 0 0 0 1 0 0
1 1 1 0 0 1 0
0 1 0 1 0 0 0
0 0 1 1 0 0 1
0 0 0 0 1 1 1

A
0 1 0 0 1 0
1 0 1 1 1 1
0 1 0 1 0 0
0 1 1 0 1 1
1 1 0 1 0 0
0 1 0 1 0 1

L
1: 2 5 6
2: 1 3 4 5
3: 2 4 6
4: 2 3 5
5: 1 2 4 6
6: 1 3 5


przykład:
L
1: 2 5 6
2: 1 3 6
3: 2 4 5 12
4: 3 8 9 11
5: 1 3 7 9
6: 1 2 7
7: 5 6 8
8: 4 7 9 12
9: 4 5 8 10
10: 9
11: 4
12: 3 8


A
0 1 0 0 1 1 0 0 0 0 0 0
1 0 1 0 0 1 0 0 0 0 0 0
0 1 0 1 1 0 0 0 0 0 0 1
0 0 1 0 0 0 0 1 1 0 1 0
1 0 1 0 0 0 1 0 1 0 0 0
1 1 0 0 0 0 1 0 0 0 0 0
0 0 0 0 1 1 0 1 0 0 0 0
0 0 0 1 0 0 1 0 1 0 0 1
0 0 0 1 1 0 0 1 0 1 0 0
0 0 0 0 0 0 0 0 1 0 0 0
0 0 0 1 0 0 0 0 0 0 0 0
0 0 1 0 0 0 0 1 0 0 0 0

I
1 0 0 1 0 1 0 0 0 0 0 0 0 0 0 0 0 0
1 1 0 0 0 0 1 0 0 0 0 0 0 0 0 0 0 0
0 1 1 0 1 0 0 0 0 0 0 0 0 0 0 0 1 0
0 0 1 0 0 0 0 0 0 1 0 1 0 0 0 1 0 0
0 0 0 1 1 0 0 1 0 0 0 0 1 0 0 0 0 0
0 0 0 0 0 1 1 0 1 0 0 0 0 0 0 0 0 0
0 0 0 0 0 0 0 1 1 0 1 0 0 0 0 0 0 0
0 0 0 0 0 0 0 0 0 1 1 0 0 1 0 0 0 1
0 0 0 0 0 0 0 0 0 0 0 1 1 1 1 0 0 0
0 0 0 0 0 0 0 0 0 0 0 0 0 0 1 0 0 0
0 0 0 0 0 0 0 0 0 0 0 0 0 0 0 1 0 0
0 0 0 0 0 0 0 0 0 0 0 0 0 0 0 0 1 1