56
161
129
134
170
80
141
86
50
55
103
153
19
122
65
188
21
162
69
45
36
100
96
168
177
151
190
120
147
15
28
185
33
119
7
57
101
169
40
42
124
27
39
194
78
182
159
81
139
94
183
191
43
132
125
46
196
133
49
48
60
89
148
113
152
106
2
114
180
44
8
144
4
123
146
164
197
142
165
92
163
111
199
14
127
37
25
23
83
11
107
179
61
6
158
68
140
54
118
30
178
53
193
186
58
10
17
157
121
93
71
126
76
109
116
26
145
34
166
77
90
143
130
174
0
155
88
22
1
66
135
187
195
9
95
160
79
64
192
150
62
74
12
24
138
131
35
52
112
73
18
99
16
117
154
171
85
29
67
32
38
63
91
189
72
31
115
20
136
105
173
97
41
175
51
176
172
108
70
47
184
102
137
13
82
87
181
128
167
75
198
59
156
98
3
110
104
149
5
84
