187
183
36
48
94
33
43
17
19
172
153
44
179
82
180
105
13
8
173
114
144
146
4
123
75
50
55
154
117
128
16
167
148
69
45
181
60
185
119
28
76
129
166
149
130
11
107
121
32
118
30
155
178
66
1
186
102
138
90
164
61
74
12
136
159
137
37
47
78
182
184
91
131
93
112
52
22
73
25
35
23
71
53
193
165
18
139
46
100
132
168
177
96
99
42
109
29
199
108
134
21
162
110
98
3
127
14
103
156
59
86
198
188
171
95
85
9
31
175
124
158
176
152
10
26
116
151
113
68
15
39
7
145
77
34
5
195
161
101
196
54
56
125
40
169
174
194
84
83
87
104
58
192
62
24
189
143
126
88
63
157
142
197
79
6
89
27
41
97
120
147
115
72
20
190
106
2
80
65
51
122
170
70
160
141
150
67
64
81
92
0
57
38
135
191
140
133
49
111
163
