85
95
20
80
162
61
164
179
8
44
173
110
98
3
14
127
59
86
198
190
106
104
87
67
166
109
113
68
39
28
42
83
197
142
126
79
158
176
41
15
99
96
177
194
5
174
195
161
101
46
196
38
135
0
57
92
155
66
73
178
25
71
1
22
193
186
189
6
124
97
16
9
72
65
122
34
84
107
169
40
77
170
21
156
103
123
4
146
144
136
93
63
157
118
30
32
18
125
100
56
54
64
58
192
62
24
90
150
141
76
132
168
183
163
187
111
49
133
191
140
139
165
88
143
102
180
114
13
105
82
12
74
137
159
182
78
47
37
91
131
112
52
53
23
35
184
138
134
115
188
75
2
153
160
70
172
108
10
151
7
129
81
121
11
130
149
152
175
31
128
117
50
167
148
181
45
69
154
55
27
89
60
94
48
36
33
43
185
119
17
145
19
116
26
29
199
51
147
120
171
