88
142
123
4
8
44
160
170
21
162
134
124
41
181
45
175
31
9
171
115
70
37
47
78
182
159
136
105
13
144
146
114
180
82
12
137
74
138
192
83
84
67
87
104
179
173
98
3
103
156
59
86
198
188
95
128
117
50
85
120
147
72
65
108
77
34
149
5
130
11
195
169
56
132
168
177
96
89
27
15
39
17
7
109
166
129
76
119
60
185
43
33
94
36
48
99
19
172
110
127
14
153
141
197
81
121
18
32
118
30
155
66
1
63
157
165
193
126
143
150
164
61
90
91
131
189
102
24
62
58
79
64
107
161
101
139
46
196
140
191
135
38
57
0
92
151
51
20
75
190
106
2
80
122
152
29
199
10
26
116
145
6
93
112
52
22
73
25
178
54
133
49
111
163
187
183
100
125
40
174
194
42
28
68
113
148
69
154
55
16
167
97
158
176
186
53
184
71
23
35
