111
183
36
168
99
28
116
19
172
153
44
179
82
180
105
13
144
146
123
4
114
8
173
86
198
188
115
95
85
117
50
55
154
69
45
181
60
185
43
33
94
48
132
125
40
169
46
121
81
63
66
178
73
25
35
23
71
53
184
182
78
159
136
12
61
164
74
137
37
47
91
131
186
143
126
93
112
52
22
1
193
142
88
157
165
18
161
196
56
100
177
96
42
7
151
152
122
108
134
110
98
103
3
14
127
156
59
2
106
190
75
20
72
65
41
27
89
119
15
39
68
113
158
176
124
51
29
199
10
26
145
77
6
34
149
5
194
174
195
101
139
38
135
0
57
107
130
11
64
67
104
58
192
62
189
79
87
83
84
166
129
76
109
17
148
97
167
16
128
175
31
9
171
120
147
80
162
21
170
70
160
141
150
90
138
24
102
197
32
118
30
155
92
191
140
54
187
163
49
133
